$ANSIBLE_VAULT;1.1;AES256
61643435366164623863353637356263636133663162626636363139303065376431396662316265
3836323061333831646537333937636164663139653735640a376134666634653336663163326337
64343637653533626235396465373635613763333032353364363230393266633164363063343230
6638653164333230380a376361663031363735613464373536613339323430303862346137643162
38393562336137636662623361383536373237396162363131303764643463623239343132363963
66623836393835396132633736353638383062313931343863643834636461633238343233306233
32383530613130386362373262343161366565326339393038336130656663613139333362626566
31306263623638306162313531623132666362333933343839653831323935383238333933373663
38396333306663656165373361343337643438303836376361643537373330653564386438623365
32656534616565613432393662656537303733333832373139306266353030323932343361306165
33353038623535623733396261623937656364353064643131396461666466363534386565343134
34363831306437376263323236363330613264643766646562303261326237306138316462633038
65353666636235376336316638333233656464326263343532346661646438613038373336343666
33353730306536646337393436376233633665313563623537623432383937633033383733396337
62333166316362343236653430343833396339323138626233376134646236396235393165396462
37313961643765663931656164356231323634643134313631656562356135633661346265326438
61303533396666616362656130353337333330396464663033663733353561373465376238333866
32356637623830616435333731306538346234356362626432343634613632393366353838353864
66616532313538353435303332363135333763613537646164623437303863383131626465353662
64626133366261643034653863656537633461326134333230623165653831343239623730343033
39666265396334313430333266303263623736383839336537366238653039653761363838333232
34313464663834386430356630336330653565643931663639666337333163666632366162663563
34316262366266653336646364613739373564396635393964653466363336333130656264396265
62373238373862356330326664616661643162316666393266616262326131373166313566663039
3562
